$ANSIBLE_VAULT;1.1;AES256
38616633666166383966306136356465396161346537353535666566313633336530623030343733
3538363161626531343964626463346361623539333661300a323061366363393538663832656363
33643733666163393732306238613231343262623538633062303363663938383462663030616432
6261343061323862610a663337353230663966333738333436306266613432353131343362373730
38613835353962636539643466363031303732383936616464386335613139383230333633306539
64366162373139303263346164303765396331396161396130306364373464383630323865353264
32323766376234653638343938303364376335396435393664633337663166396262613432646336
66643834616263626435626138353730376233323434383361383332383138333563316462366238
65383131333461376432363231356336666631363362303063623033356264326461663733306461
66303832616133333933626566616635653130613736373538663662303834636561306662393833
37303632363732613337343466373764363762326532373531356539336263663763623237383365
34633131366534333033346363363531373635333765636233663539343364373039613864373839
3363
